'4114 1298 322 76 395 4024 20 2598 3977 20 20 60 1240 17 ' 1
'4114 1298 1297 674 1838 4116 61 1289 84 1445 419 955 2581 ' 0
'96 1707 1295 3457 468 2348 804 1846 4134 ' 0
'4132 146 1839 3413 3977 ' 1
'3352 1001 32 1999 3 74 220 20 1309 390 36 4129 ' 1
'2376 1653 4158 4172 175 4114 1298 ' 1
'32 4117 4114 1298 3592 3959 20 81 1451 4118 3791 20 337 81 ' 0
'20 2883 2132 2315 3592 4114 1298 4133 4114 1298 ' 1
'36 4155 20 32 447 17 733 695 4134 17 36 ' 0
'36 258 2066 674 1838 4116 ' 2
'4155 20 1042 136 2751 222 345 4127 1045 32 4158 2718 ' 0
'3872 36 4162 1733 395 ' 2
'3437 2568 1895 421 421 421 421 421 421 421 421 ' 0
'1838 4116 20 67 ' 0
'130 3749 1173 36 ' 2
'4124 4092 4134 20 33 36 4155 256 368 1473 36 ' 0
'1838 4116 32 1231 382 ' 1
'4119 4116 32 1451 58 3453 20 4117 4114 1298 4114 1298 4114 36 758 ' 2
'3410 568 3749 36 2216 36 1346 36 4113 36 4129 36 4145 ' 0
'36 20 2066 674 36 36 4129 ' 2
'677 137 460 1838 4116 ' 0
'36 36 4113 ' 0
'36 4155 2436 2875 4134 395 395 395 395 395 ' 0
'3464 674 4119 4116 2836 4130 ' 2
'' 2
'17 4114 1298 447 4118 90 451 2906 369 17 1520 41 48 ' 0
'20 100 773 4130 47 32 3881 4124 4092 20 1846 2718 ' 0
'35 36 758 37 36 1752 1789 4119 4116 4114 1298 ' 0
'36 4129 1042 601 773 4130 1124 698 698 1838 451 ' 1
'3791 20 559 3960 3851 4119 4116 20 2718 ' 0
'825 32 3851 41 4114 1298 48 ' 0
'2850 20 20 195 20 2718 36 36 2378 ' 2
'4114 1298 4119 4116 ' 1
'3880 4164 131 2853 3977 1498 ' 1
'36 4155 32 4114 1298 20 4124 4092 4104 3522 4105 4134 32 ' 0
'36 595 1846 4158 256 943 17 33 1449 2718 ' 1
'666 3533 608 36 526 20 3237 20 1813 4127 20 2718 ' 0
'36 458 36 81 36 4115 17 240 ' 2
'3872 36 4162 1733 395 4114 1298 4114 1298 ' 2
'36 32 337 81 1336 2415 1861 ' 2
'2413 1157 2163 1808 724 36 ' 2
'4122 4123 41 48 4141 ' 1
'33 617 4134 2870 1956 451 3534 2870 631 4169 4169 ' 0
'2418 4114 1298 32 4104 1831 440 20 4124 4092 2703 33 36 4155 3522 4134 17 4105 36 2603 ' 0
'4122 4123 32 1437 255 2718 ' 2
'4114 1298 1360 373 3077 36 4155 395 4134 985 418 3743 395 36 4144 ' 0
'36 32 262 4120 331 395 36 4139 ' 2
'4104 61 36 4147 1641 459 1336 20 607 4122 4123 4105 4114 1298 ' 2
'4025 1846 4134 1798 1438 335 897 ' 0
'1815 3749 1838 4116 32 3749 340 ' 0
'355 63 789 ' 2
'32 476 2574 2326 4120 ' 1
'36 32 2576 3399 1380 4114 1298 ' 1
'4035 ' 2
'1020 4134 ' 0
'20 1838 4116 ' 0
'4104 2853 4148 32 559 4105 ' 0
'36 4129 2863 1940 4158 ' 1
'32 337 252 1222 343 4119 4116 ' 0
'36 1846 4134 20 447 2603 17 ' 0
'4114 1298 20 447 2219 3481 142 160 4115 ' 1
'4143 985 158 1242 1792 36 36 447 1606 395 ' 2
'1396 4115 1328 3973 996 32 ' 1
'4151 4114 1298 32 4122 2314 32 1945 146 1839 1380 ' 1
'4139 331 32 754 4120 1707 303 36 36 2598 36 ' 2
'36 52 361 36 32 146 421 ' 2
'4114 1298 4114 1298 4114 1298 527 110 1748 945 32 4115 2035 1653 395 ' 2
'3444 20 36 2741 20 741 3851 17 189 4114 511 1206 ' 0
'4114 1298 4114 1298 4114 1298 4120 260 404 17 497 2009 478 ' 0
'881 136 253 2845 2718 4105 3768 3918 1231 1843 4105 20 36 36 3959 4114 1298 ' 1
'4127 170 2949 4128 4117 4114 1298 ' 0
'427 4120 81 20 146 2326 1399 3592 ' 2
'4114 1298 4120 131 81 20 1793 2216 41 4117 48 4114 1298 4114 1298 ' 0
'36 4144 371 3712 2906 1418 2081 4122 4123 4147 ' 2
'221 2870 32 36 4095 3352 1001 4117 4114 1298 ' 1
'2949 4114 1298 4151 32 61 1614 36 3202 36 36 36 36 4129 36 2557 ' 1
'2212 2598 3977 3749 32 3749 1225 2709 ' 2
'2816 341 873 36 1054 4134 17 36 1680 170 2491 17 ' 0
'4119 4116 3749 32 ' 0
'3592 3592 32 4120 32 4120 2718 ' 1
'36 4155 32 4092 4104 2295 4105 4127 32 1846 4134 4124 4092 4104 2718 ' 0
'2240 2153 20 146 99 36 4117 4114 1298 36 4145 36 ' 0
'4151 4114 1298 2724 3749 1079 ' 2
'4131 2632 3907 1101 3403 ' 0
'276 3405 2673 4137 32 3437 2216 2920 1222 ' 0
'32 3749 4126 41 48 36 4129 ' 1
'32 4035 3863 32 2220 684 3749 1165 36 ' 2
'32 1394 2948 4143 17 4114 1298 ' 2
'4114 1298 241 4067 276 1468 855 ' 2
'303 2837 627 1142 129 3749 3934 3793 ' 2
'36 459 1217 32 4113 1742 3851 4160 ' 0
'3989 17 4114 1298 17 4114 1298 17 4114 1298 32 3949 355 4133 65 4172 ' 2
'4124 4092 20 1846 4134 20 3352 1001 2718 36 4092 ' 0
'2779 20 180 395 4114 1298 4120 ' 0
'4114 1298 47 2598 4148 497 1967 ' 2
'4114 1298 36 1939 36 1346 36 4113 36 4129 36 4145 1976 1141 81 81 36 36 ' 0
'4120 20 20 4142 20 395 395 2784 395 36 36 ' 1
'2717 4165 36 4161 ' 1
'2560 4156 3352 1001 395 4133 36 3998 ' 2
'4114 1298 3893 4125 395 2355 3401 199 395 136 70 ' 1
'36 3959 421 459 65 17 448 20 3309 3450 17 ' 0
'32 4122 4123 3592 3777 2524 2718 ' 2
'3638 4114 32 3872 4162 1733 395 4117 4114 ' 2
'840 1994 20 20 3880 4164 131 ' 1
'4114 1298 3880 4121 131 4114 1298 4114 1298 1749 41 48 3749 4129 395 ' 1
'4114 1298 824 4035 337 2173 260 1999 3 2718 ' 0
'4113 4133 4114 1298 ' 0
'2197 36 4129 ' 1
'4114 1298 3592 369 3592 151 17 ' 0
'' 2
'54 1301 3592 4113 ' 0
'3959 32 3749 405 670 1101 4119 4116 32 76 90 2433 32 2718 ' 0
'36 52 36 32 395 32 3950 3592 4024 4115 1619 2718 ' 1
'1042 36 1045 20 1319 36 2380 36 872 36 4129 36 ' 1
'969 253 1547 234 136 20 3469 ' 0
'36 36 36 1846 4114 1298 32 1838 4116 322 708 126 2798 ' 1
'4122 4123 4117 4114 1298 ' 1
'4120 2718 ' 0
'1030 3592 47 2718 ' 0
'4104 1697 1730 4105 20 340 3444 36 ' 2
'17 33 61 73 20 256 1938 17 2870 20 333 149 2718 17 36 4129 ' 0
'4151 4114 1298 32 4119 32 3749 1955 1042 3367 4116 1045 3749 2406 ' 0
'4119 4116 882 262 4163 81 4117 4114 1298 ' 1
'4114 1298 4114 1298 1482 17 4122 4123 760 2718 ' 2
'607 862 1142 322 2439 3464 674 4119 4116 ' 2
'36 353 3352 1001 355 32 3502 ' 2
'4104 3842 3749 2598 3210 4105 ' 1
'724 32 2718 ' 1
'4114 1298 4114 1298 2949 4114 1298 4114 1298 2673 3110 3897 32 17 84 2136 4104 3350 33 ' 0
'4114 1298 96 20 76 2051 3138 20 1020 4120 3784 156 ' 0
'32 1730 4120 32 255 20 1140 20 2718 ' 2
'36 80 3749 3749 1838 4116 36 ' 1
'1939 3538 2060 32 430 75 36 4113 36 3538 36 1346 ' 0
'2673 3897 32 2651 368 617 20 447 2089 4117 4114 1298 ' 0
'4151 4114 1298 32 36 20 824 2894 116 20 447 121 3413 4138 170 2001 20 695 17 ' 0
'32 3502 3413 3977 32 1653 20 2718 ' 2
'4151 4114 1298 36 36 2414 4163 3768 3502 124 4163 3768 36 4154 ' 1
'36 1198 1124 60 32 4170 1239 3880 4164 131 2942 68 4118 4104 4105 ' 1
'3475 664 3749 1711 36 3592 36 32 666 468 2730 ' 1
'36 3387 36 3144 852 36 1327 4150 36 4117 4114 1298 ' 0
'1142 4135 20 129 1192 90 20 4134 3743 17 ' 0
'4114 1298 4114 1298 1131 4119 4116 ' 1
'32 4167 4143 1042 4156 1045 ' 2
'32 2481 3592 3956 4104 4158 4105 2718 ' 1
'3749 36 4145 36 758 36 3959 36 4129 36 325 ' 0
'36 36 1001 36 3998 36 4129 1395 ' 2
'254 353 4171 1500 4127 ' 2
'4114 1298 32 2891 447 20 137 96 1737 733 3437 2140 2293 36 4153 ' 0
'32 184 149 1967 3592 ' 1
'4114 1298 2055 2607 4134 2743 ' 0
