'4104 824 4143 3260 1319 300 46 4105 3632 ' 0
'36 17 2609 36 4119 36 4116 4117 4114 1298 ' 0
'332 1240 2163 395 3638 4114 32 3749 36 2598 3210 36 504 36 ' 2
'4122 4123 2291 4114 1298 2853 36 4126 ' 2
'3592 279 3592 1379 4127 2718 ' 0
'590 2598 1897 20 590 3401 151 660 2718 ' 1
'664 4134 32 36 20 36 4155 1812 20 2718 4114 1298 2587 17 478 20 59 2870 2718 ' 0
'36 1396 4115 1328 3973 996 4133 4114 1298 ' 1
'3749 4129 395 447 59 3424 395 2035 90 395 3749 4129 395 ' 1
'36 3842 3749 2598 3210 41 4117 4114 1298 48 ' 1
'3810 4120 32 2574 4171 ' 0
'4114 1298 4114 1298 795 447 4158 ' 1
'3387 3144 852 1327 4150 36 ' 0
'1935 32 4163 81 280 343 1838 4116 3592 ' 1
'36 2598 36 4138 369 32 3749 4154 4117 4114 1298 ' 1
'1020 666 4118 20 3880 4121 131 1935 4114 1298 36 ' 0
'142 76 395 36 1040 3502 36 33 36 4129 ' 1
'2066 674 4119 1124 2132 4117 36 4145 36 4129 ' 0
'2673 3110 3897 20 474 155 1181 3941 17 ' 0
'2816 20 1367 3638 4114 32 36 2718 2788 32 3352 1001 447 36 3639 ' 1
'1052 4143 17 4114 1298 36 36 ' 2
'276 165 197 41 48 36 3413 3977 ' 1
'677 1609 144 131 48 32 4166 945 4119 4116 4117 4114 1298 ' 1
'3810 4120 60 20 20 17 2574 ' 0
'36 4129 824 393 ' 1
'3998 20 4122 4123 3880 4121 131 1730 4122 36 4114 1298 36 ' 2
'3592 664 1838 4116 4114 1298 ' 1
'36 4129 1020 2380 3352 1001 ' 1
'1774 2928 4114 1298 32 2036 1987 75 1988 2487 20 1987 ' 1
'395 677 693 4119 4116 447 3107 241 1934 2323 395 ' 0
'3749 2595 3749 3793 4113 32 3749 2718 ' 1
'32 4118 1349 41 996 48 32 ' 1
'456 3665 ' 2
'4130 47 250 2173 4117 4114 1298 ' 1
'4114 1298 36 17 36 4139 4165 32 90 1730 3891 395 4114 1298 1986 4120 421 ' 2
'4151 3638 4114 32 20 1846 4134 20 ' 1
'1451 2111 32 1535 3352 1001 32 1451 2111 2718 ' 2
'32 2493 149 1498 32 20 666 332 2718 ' 1
'4104 1323 2779 20 2870 3072 2908 2718 4105 369 395 395 395 36 4129 36 3538 4117 4114 1298 ' 0
'33 36 3502 36 41 48 416 33 36 36 4166 ' 1
'17 4114 1298 32 4104 462 70 20 1323 20 1495 447 4134 4105 36 ' 0
'4119 4116 32 83 83 158 1391 953 32 593 2718 ' 1
'36 4114 1298 3749 216 258 4122 4123 3749 4152 1042 3210 1045 36 4129 ' 1
'1838 4116 32 129 811 3352 1001 36 41 4131 48 36 ' 1
'317 3811 2167 4134 395 395 395 ' 0
'17 4114 1298 4104 33 36 4155 32 146 188 1831 458 970 4105 ' 0
'2682 140 90 4117 4114 1298 ' 1
'4114 1298 36 3352 1001 694 3299 170 1192 458 36 3811 3989 395 ' 2
'36 36 3502 36 3435 17 1488 4114 1298 1030 36 ' 2
'4114 1298 2949 4151 4151 32 61 1614 3202 3592 36 36 4129 36 2557 36 3202 ' 2
'4129 32 4147 20 3907 20 84 1940 20 84 2718 ' 0
'4129 3710 2650 3864 4117 4114 1298 ' 1
'4119 4116 32 2240 733 ' 0
'3592 3532 4133 4114 1298 ' 1
'1512 2006 2652 80 4168 2565 3271 ' 0
'4167 3749 3749 4118 1042 4156 1045 20 3941 3592 ' 2
'36 32 36 3387 3144 852 1327 33 36 4120 3592 ' 0
'4114 1298 20 4120 4104 2523 4105 17 447 921 4146 2718 4114 1298 36 4153 ' 0
'1838 4116 32 3505 395 36 ' 0
'3132 4113 504 3502 601 4114 1298 36 ' 2
'32 1512 1547 3592 36 4145 36 2598 36 ' 0
'1851 3880 4164 131 4119 4116 882 262 4163 81 ' 1
'3893 519 17 1956 33 36 4129 33 36 17 84 3209 505 2718 ' 0
'3166 32 1934 363 2117 2219 20 141 3891 2718 4133 4114 1298 ' 0
'2516 2341 20 759 2767 369 81 ' 0
'694 3749 3592 566 3592 325 4114 1298 ' 1
'4114 1298 4122 2314 59 451 76 59 ' 0
'36 3584 36 1608 1977 36 47 280 4133 4114 1298 36 4129 ' 0
'4104 3326 20 447 3352 1001 20 4105 4114 1298 36 ' 0
'36 4168 32 1512 4127 17 2689 1512 2140 60 36 ' 0
'32 1067 3592 3592 3592 36 ' 1
'36 4129 2049 877 ' 1
'4159 1001 32 ' 2
'36 36 4029 36 4142 36 47 4029 20 741 3851 4117 4114 1298 ' 0
'355 2107 660 4115 4117 4114 1298 ' 1
'4158 345 4114 1298 20 3271 3897 20 3435 1774 17 36 3527 36 ' 0
'4114 1298 2659 895 178 3907 1101 3403 17 ' 2
'4114 1298 4114 1298 3421 447 1239 2718 156 1185 2495 4118 2035 2487 ' 2
'76 1266 2280 1297 76 3299 4104 355 4105 36 4120 36 36 36 ' 0
'1603 4151 4114 32 1838 4116 ' 1
'32 146 4133 4114 1298 ' 1
'410 4118 ' 2
'4114 1298 36 1861 4114 1298 4114 1298 ' 1
'4158 4148 ' 1
'1701 2361 36 4154 75 2212 3749 195 4114 1298 36 ' 2
'36 1659 2718 4119 4116 322 2718 ' 1
'1315 1498 20 2089 1217 20 1339 3178 20 146 1939 17 59 1664 2718 ' 0
'4143 36 345 3592 4117 4114 1298 ' 1
'4114 1298 4114 1298 4114 1298 4114 1298 4170 41 3352 1001 4169 48 20 447 1315 1395 ' 1
'36 2590 1987 32 3444 32 ' 1
'660 4125 3592 4117 4114 1298 ' 1
'892 2995 421 4104 4114 1298 32 2298 20 2240 2153 17 3749 ' 0
'34 36 36 52 3475 4117 4114 1298 ' 1
'4142 3710 4029 345 1456 1260 20 741 3851 4117 4114 1298 ' 0
'4118 36 4114 1298 4114 1298 ' 2
'2440 59 4119 4116 ' 0
'1375 998 4117 4114 1298 ' 1
'4135 20 4134 985 418 3743 17 3077 4114 1298 4114 1298 ' 0
'4114 1298 110 333 395 ' 0
'36 4147 32 36 36 4144 36 4149 36 ' 2
'4104 36 4158 4105 36 36 ' 1
'2009 1667 3167 3299 36 32 36 2009 4134 36 36 ' 1
'41 48 4119 3791 32 4114 1298 1841 36 36 36 ' 1
'36 3592 3777 3777 3592 143 3527 32 ' 0
'2870 2140 4104 4105 4104 4118 4105 2532 4104 4105 36 ' 1
'36 36 36 36 395 3592 36 4142 3710 36 4029 20 741 3851 4117 4114 1298 ' 0
'4114 1298 32 3872 36 4162 1733 395 ' 2
'1631 468 32 1318 3352 1001 ' 2
'36 32 36 4122 2314 4133 4114 1298 ' 1
'4114 1298 607 2964 4120 1786 17 ' 2
'3775 32 3422 2990 3749 36 2331 20 3749 36 4118 ' 2
'2718 170 3858 395 36 4129 ' 1
'1042 61 3841 123 2163 464 1120 20 695 1379 229 2700 4115 17 1045 2718 ' 1
'4155 32 458 32 35 37 1846 4134 250 2718 ' 0
'688 262 32 ' 1
'3 36 4035 3863 17 2583 20 169 1103 20 894 3159 36 ' 2
'276 165 197 41 48 36 3413 3977 ' 1
'312 3749 41 48 36 4129 ' 1
'266 81 2475 20 504 3749 4118 3749 36 ' 2
'4151 4114 1298 32 105 43 1117 36 4136 3749 2406 395 3880 4121 131 4164 131 ' 1
'41 184 48 2140 713 733 345 17 4127 17 ' 0
'4142 3710 4029 20 741 3851 3934 1781 421 1439 2718 ' 0
'2087 20 2853 3977 20 17 ' 1
'17 986 4122 4123 4105 36 35 4117 4114 1298 37 3639 ' 2
'36 4120 20 476 4114 1298 36 4129 36 ' 1
'4119 4116 882 343 169 2850 2718 ' 0
'60 1131 395 395 ' 1
'4104 1240 68 4118 855 1242 4118 855 1792 4105 36 36 3731 ' 2
'4119 4116 37 706 1736 20 136 127 2718 ' 0
'1774 2928 4165 3592 32 3749 1826 2590 3749 2718 ' 1
'4151 4114 1298 32 2523 4122 4123 4117 4114 1298 ' 2
'36 4155 32 2816 79 47 2957 36 4129 3202 395 ' 0
'165 478 3288 3880 4164 131 4170 2010 4024 4114 1298 3880 4164 131 36 36 52 2718 ' 1
'3950 588 1902 4122 2314 1124 36 4160 36 ' 0
'35 4166 37 105 4166 2257 32 20 456 3858 3749 2598 3977 ' 2
'17 32 ' 2
'36 2180 36 4115 36 36 ' 1
'94 927 1202 ' 0
'156 2199 1064 4115 47 136 1029 3193 4104 408 4105 458 17 ' 1
'36 32 3455 1959 1813 324 32 4114 1298 ' 1
'1205 4029 262 2617 421 3710 4029 20 741 3851 4117 4114 1298 ' 0
'1595 4115 2718 695 17 17 156 2432 733 695 1308 17 ' 1
'32 3147 3592 1451 4133 4114 1298 ' 0
'4114 1298 1582 3880 4121 131 2949 17 3031 3234 32 81 4159 3352 1001 ' 1
'712 666 4134 4095 ' 1
'4114 1298 1846 4134 395 395 395 ' 0
'2583 3352 1001 20 51 1846 250 2718 ' 1
'4114 1298 4114 1298 3907 1101 3403 4119 4116 17 ' 0
'337 1838 4116 36 1935 ' 0
'1631 20 1144 395 395 395 3421 20 3421 20 1266 395 2718 ' 1
